0 0.26953125 0.3875 0.10859375 0.1671875
0 0.253125 0.52890625 0.10078125 0.1140625
0 0.771875 0.309375 0.0578125 0.08125
0 0.88984375 0.2953125 0.0734375 0.0875
0 0.746875 0.46484375 0.04296875 0.05625
0 0.7578125 0.50390625 0.034375 0.059375
0 0.84375 0.50703125 0.0359375 0.05234375
1 0.54296875 0.64921875 0.040625 0.13671875
1 0.471875 0.60390625 0.05546875 0.1109375
1 0.475 0.6046875 0.059375 0.103125
1 0.39375 0.4515625 0.0546875 0.12265625
1 0.39609375 0.46171875 0.05 0.12109375
1 0.28515625 0.23515625 0.065625 0.13828125
1 0.20078125 0.6671875 0.071875 0.07421875
1 0.29296875 0.596875 0.08828125 0.1
1 0.3765625 0.7015625 0.096875 0.0609375
1 0.32421875 0.2734375 0.03984375 0.09140625
1 0.45546875 0.3203125 0.03046875 0.09609375
1 0.55234375 0.4515625 0.0953125 0.06015625
1 0.5171875 0.6265625 0.03203125 0.0421875
1 0.3234375 0.46796875 0.04375 0.08125