0 0.421875 0.62109375 0.20625 0.315625
0 0.23515625 0.75625 0.16640625 0.2453125
0 0.6859375 0.76484375 0.18125 0.225
0 0.66484375 0.4921875 0.13046875 0.1890625
0 0.52734375 0.59453125 0.05703125 0.15703125
0 0.32734375 0.47265625 0.125 0.19453125
0 0.5265625 0.31796875 0.0375 0.05859375
0 0.56953125 0.36796875 0.04296875 0.053125
0 0.6140625 0.35625 0.03984375 0.046875
0 0.57890625 0.31328125 0.02890625 0.04921875
0 0.61796875 0.31328125 0.03984375 0.05546875
0 0.68046875 0.371875 0.02890625 0.040625