1 0.43046875 0.6390625 0.02734375 0.0625
0 0.43046875 0.58203125 0.05546875 0.07421875
1 0.59375 0.59296875 0.02265625 0.0578125
0 0.5984375 0.540625 0.0546875 0.07265625
1 0.72890625 0.55078125 0.01953125 0.05546875
0 0.7328125 0.50859375 0.040625 0.0609375
0 0.75625 0.65859375 0.075 0.1078125
0 0.85390625 0.62578125 0.06875 0.1203125
0 0.79375 0.5328125 0.0640625 0.1046875
0 0.896875 0.61171875 0.0515625 0.09921875
0 0.97734375 0.57421875 0.0453125 0.10859375
0 0.96484375 0.73515625 0.0703125 0.1234375